image_width: 640
image_height: 480
camera_name: camera_1
camera_matrix:
  rows: 3
  cols: 3
  data: [599.159514, 0.000000, 339.512840, 0.000000, 597.697128, 251.065633, 0.000000, 0.000000, 1.000000]
distortion_model: plumb_bob
distortion_coefficients:
  rows: 1
  cols: 5
  data: [0.028323, -0.083427, 0.000383, 0.001282, 0.000000]
rectification_matrix:
  rows: 3
  cols: 3
  data: [1.000000, 0.000000, 0.000000, 0.000000, 1.000000, 0.000000, 0.000000, 0.000000, 1.000000]
projection_matrix:
  rows: 3
  cols: 4
  data: [598.727478, 0.000000, 339.860528, 0.000000, 0.000000, 598.099915, 250.691829, 0.000000, 0.000000, 0.000000, 1.000000, 0.000000]

