image_width: 640
image_height: 480
camera_name: front_cameara #camera_3
camera_matrix:
  rows: 3
  cols: 3
  data: [591.253497, 0.000000, 323.451349, 0.000000, 593.410781, 232.930584, 0.000000, 0.000000, 1.000000]
distortion_model: plumb_bob
distortion_coefficients:
  rows: 1
  cols: 5
  data: [0.018488, -0.066842, -0.000976, -0.009535, 0.000000]
rectification_matrix:
  rows: 3
  cols: 3
  data: [1.000000, 0.000000, 0.000000, 0.000000, 1.000000, 0.000000, 0.000000, 0.000000, 1.000000]
projection_matrix:
  rows: 3
  cols: 4
  data: [590.095276, 0.000000, 317.941506, 0.000000, 0.000000, 596.062439, 232.010027, 0.000000, 0.000000, 0.000000, 1.000000, 0.000000]

