image_width: 640
image_height: 480
camera_name: right_camera #camera_2
camera_matrix:
  rows: 3
  cols: 3
  data: [631.930441, 0.000000, 337.128941, 0.000000, 632.313625, 259.725777, 0.000000, 0.000000, 1.000000]
distortion_model: plumb_bob
distortion_coefficients:
  rows: 1
  cols: 5
  data: [0.017163, -0.080232, 0.003095, -0.001045, 0.000000]
rectification_matrix:
  rows: 3
  cols: 3
  data: [1.000000, 0.000000, 0.000000, 0.000000, 1.000000, 0.000000, 0.000000, 0.000000, 1.000000]
projection_matrix:
  rows: 3
  cols: 4
  data: [630.630859, 0.000000, 336.319411, 0.000000, 0.000000, 631.275330, 260.126995, 0.000000, 0.000000, 0.000000, 1.000000, 0.000000]

