image_width: 640
image_height: 480
camera_name: back_camera #camera_4
camera_matrix:
  rows: 3
  cols: 3
  data: [673.235385, 0.000000, 286.742165, 0.000000, 674.199790, 235.778717, 0.000000, 0.000000, 1.000000]
distortion_model: plumb_bob
distortion_coefficients:
  rows: 1
  cols: 5
  data: [0.037811, -0.016158, -0.002465, -0.001250, 0.000000]
rectification_matrix:
  rows: 3
  cols: 3
  data: [1.000000, 0.000000, 0.000000, 0.000000, 1.000000, 0.000000, 0.000000, 0.000000, 1.000000]
projection_matrix:
  rows: 3
  cols: 4
  data: [680.554810, 0.000000, 286.029788, 0.000000, 0.000000, 680.361206, 234.323813, 0.000000, 0.000000, 0.000000, 1.000000, 0.000000]

